kV
2.82842712475 2.82842712475 2.82842712475 2.82842712475 2.82842712475 2.82842712475 2.82842712475 2.82842712475 2.82842712475 2.82842712475 

kP
2.0 2.0 2.0 2.0 2.0 2.0 2.0 2.0 2.0 2.0 

Mu_t
0.0 5.33043626094 10.6608725219 15.9913087828 21.3217450438 26.6521813047 31.9826175657 37.3130538266 42.6434900876 47.9739263485 53.3043626094 58.6347988704 63.9652351313 69.2956713923 74.6261076532 79.9565439142 85.2869801751 90.6174164361 95.947852697 101.278288958 

Sigma_t
4.05113155832 

4.05113155832 

4.05113155832 

4.05113155832 

4.05113155832 

4.05113155832 

4.05113155832 

4.05113155832 

4.05113155832 

4.05113155832 

4.05113155832 

4.05113155832 

4.05113155832 

4.05113155832 

4.05113155832 

4.05113155832 

4.05113155832 

4.05113155832 

4.05113155832 

4.05113155832 

Mu_x
0.0437845307566 0.0380003752455 0.0245210965684 0.000962655029736 0.0270318874216 0.041107859175 0.0299878535286 0.0390672078608 0.0303390381154 0.0377959969803 0.0582297566321 0.0698238263842 0.0885355312041 0.0577914056319 0.0208705798849 0.0317321529715 0.0142547999295 -0.000200051091995 0.00294949613734 -0.0126081036025 
0.0305029975511 0.0768294208433 0.0744341208178 0.0481452155501 -0.0793393405902 -0.0840845064612 -0.127090788744 -0.107552832001 -0.133150462695 -0.133488262998 -0.078278693642 -0.138901450856 -0.204852915207 -0.173846061669 -0.194852623731 -0.163962839212 -0.104988911743 -0.0653062232126 0.0720563558822 0.0951405794342 
4.16667097459 3.9116321413 3.26028590764 2.78727850803 2.58983958071 2.72429119669 2.87250202741 2.99919742374 2.47343180205 2.41425645416 2.5040394037 2.60465330571 2.69672786482 2.78299695077 2.80078045997 2.39936831427 1.88625852333 1.7007153849 1.81540040401 1.35088414158 
-3.12736769333 -3.12737543493 -3.1271230569 -3.12736781995 -3.12570848253 -3.12532940001 -3.12593182825 -3.12573343559 -3.12561702823 -3.12508663447 -3.12437476211 -3.12367091235 -3.12300876249 -3.12446148826 -3.12577580323 -3.12503441647 -3.12485971435 -3.12515524589 -3.12524422994 -3.12582476274 
0.0945445989981 0.0884942806806 0.0741457133757 0.0540983215025 0.0651332337031 0.0699618863188 0.0645895583168 0.0701606229067 0.0585178570584 0.0573124016941 0.0704348514887 0.0803308100313 0.091945377546 0.0760827707842 0.0548049616264 0.0573925515442 0.0383244118131 0.0310980009093 0.0319712845891 0.0320882409299 
-0.416373701815 -0.379059508087 -0.388225141054 -0.406084749269 -0.492067698939 -0.459659495884 -0.434342268274 -0.3922087238 -0.372485912159 -0.369303614012 -0.263296869996 -0.245369314352 -0.236195560786 -0.179825939983 -0.17486450111 -0.152515184638 -0.113454843537 -0.0730365039932 0.0557352750056 0.0467090988167 
3.06294754004 2.81178924133 2.16246656076 1.68989719589 1.45302137164 1.51998862924 1.65532344248 1.75892162356 1.23826132932 1.13124073209 1.23360491874 1.32235369292 1.41907857796 1.52907934204 1.54173223671 1.14114274332 0.627717782277 0.442419277017 0.557073849773 0.0936466851384 
-0.013624851512 -0.0136238776104 -0.0136279980129 -0.0136062935847 -0.0139642244157 -0.0309402931898 -0.0487539744521 -0.0626204103075 -0.0750535946821 -0.0818956640398 -0.126953403996 -0.209595653696 -0.328485628861 -1.07574353392 -2.05503477146 -1.87102890046 -1.90735242669 -1.90026623639 -1.90116217158 -1.90347141629 
0.188407396719 0.188380550122 0.188494067295 0.187910597281 0.194221571025 0.412341168133 0.602531307131 0.72167491697 0.812118533809 0.859049179293 1.0744600579 1.24580849824 1.39544536237 1.49670228387 1.49661223944 1.49608431472 1.49619223042 1.49616835321 1.49618576709 1.49611998106 
-1.49434455699 -1.49440248885 -1.49371684494 -1.49691292404 -1.48544555106 -1.4810408737 -1.48623173784 -1.48462325609 -1.4821035676 -1.47772395914 -1.47193300669 -1.47098958118 -1.46567288497 -1.47590980914 -1.48882764538 -1.48244723353 -1.48133455832 -1.48682737974 -1.48663307159 -1.49189188911 

Wp
2.99701186871 0.00394751757431 -0.00252009262545 -8.10376727897e-05 -0.00252602848352 0.00367624621176 -0.002385788232 1.1321434396e-08 -3.12090480144e-07 -0.000649931721401 
0.00394751757431 2.99080546116 0.020500242573 6.2870251254e-05 0.00335835215326 -0.00800625413908 0.0199676648355 -9.4471799804e-08 2.6042415484e-06 0.000856249687742 
-0.00252009262545 0.020500242573 2.88279322009 -1.58037450515e-06 -0.00292286979231 0.0163324561567 -0.115423726874 4.56090648179e-07 -1.25727489148e-05 0.000151091844796 
-8.10376727855e-05 6.28702512581e-05 -1.5803745059e-06 2.99989919024 3.26483020912e-05 0.000109816517771 -1.55067409162e-05 -1.80423335868e-11 4.97361578062e-10 -1.98627562109e-05 
-0.00252602848352 0.00335835215326 -0.00292286979231 3.26483020903e-05 2.99769307233 0.00307281475515 -0.00279392573194 1.11659369875e-08 -3.07803989886e-07 -0.000509927634428 
0.00367624621176 -0.00800625413908 0.0163324561567 0.000109816517773 0.00307281475515 2.99290188734 0.0159175715622 -7.5877516991e-08 2.09166526471e-06 0.000807850574096 
-0.002385788232 0.0199676648355 -0.115423726874 -1.5506740917e-05 -0.00279392573194 0.0159175715622 2.88630930168 4.48018104405e-07 -1.23502184475e-05 0.00017735655678 
1.13214348401e-08 -9.4471799628e-08 4.56090647629e-07 -1.80424595773e-11 1.11659369626e-08 -7.58775171048e-08 4.48018104836e-07 3.0 5.95866424643e-11 5.34745205883e-10 
-3.12090479435e-07 2.60424154844e-06 -1.25727489147e-05 4.97361765585e-10 -3.07803989526e-07 2.09166526504e-06 -1.23502184473e-05 5.95870631279e-11 2.99999999836 -1.47409636045e-08 
-0.000649931721404 0.000856249687741 0.000151091844796 -1.98627562138e-05 -0.000509927634428 0.000807850574095 0.000177356556779 5.34745099553e-10 -1.47409635492e-08 2.9998354273 

2.99651355585 0.000904284561476 -0.0145730087133 -0.000570344202123 -0.0025705745827 0.00153117741452 -0.0147921339588 -1.53019369554e-08 4.21811744185e-07 -0.000375720871299 
0.000904284561462 2.95244720751 0.0818257355779 -0.000259337996549 0.000847516306331 -0.0389773104903 0.0782165107356 -3.71802218911e-07 1.02490639325e-05 0.000470289277986 
-0.0145730087133 0.0818257355779 2.28579215456 0.000657431718357 -0.0157782609377 0.0591778818124 -0.705001624152 -6.64950527832e-07 1.83299617823e-05 0.000336578650757 
-0.00057034420213 -0.000259337996542 0.000657431718356 2.99937800086 2.03087924874e-05 0.000103443366079 0.000537031889289 1.80387321271e-10 -4.972530232e-09 2.35858599435e-06 
-0.0025705745827 0.000847516306345 -0.0157782609377 2.03087924791e-05 2.9975958913 0.000773848765217 -0.0157447196546 -1.54018390793e-08 4.24565617458e-07 -0.000266041928434 
0.00153117741451 -0.0389773104903 0.0591778818124 0.000103443366081 0.000773848765211 2.96611338998 0.0569830570004 -3.17657086978e-07 8.75650446783e-06 0.000662912363592 
-0.0147921339588 0.0782165107356 -0.705001624152 0.000537031889286 -0.0157447196546 0.0569830570004 2.30362780948 -6.92986968472e-07 1.91028115531e-05 0.000262623390411 
-1.53019369492e-08 -3.71802218389e-07 -6.64950528662e-07 1.8038750135e-10 -1.54018394071e-08 -3.17657087021e-07 -6.92986968088e-07 2.99999999997 8.48040723013e-10 2.17740865709e-09 
4.21811744699e-07 1.02490639327e-05 1.83299617826e-05 -4.97252970367e-09 4.2456561698e-07 8.75650446796e-06 1.91028115529e-05 8.48040064434e-10 2.99999997662 -6.00222363368e-08 
-0.000375720871295 0.000470289277984 0.000336578650759 2.35858599878e-06 -0.000266041928438 0.000662912363597 0.00026262339041 2.17740863418e-09 -6.00222360825e-08 2.99988743442 

2.99477380529 -0.00335867424186 -0.00905853556234 -0.00011069789723 -0.00379237681679 -0.000434357516401 -0.0101539168235 3.80477668123e-07 -1.04767257247e-05 -0.000211843190248 
-0.00335867424186 2.88829568375 0.0120952349855 -8.49269474883e-05 -0.00350734898832 -0.0968518268091 0.00602422057657 9.75784647152e-07 -2.68786507596e-05 0.00313518493793 
-0.00905853556235 0.0120952349855 2.2892918875 5.79181211085e-05 -0.0112752988763 0.00426901137274 -0.707830096104 -1.68688841049e-06 4.64528925097e-05 -0.000974123616279 
-0.000110697897228 -8.49269474753e-05 5.79181211067e-05 2.99976213912 0.000187315543929 -5.21437539058e-05 6.24835863221e-05 2.19280768741e-08 -6.03850983396e-07 1.96890750889e-06 
-0.00379237681679 -0.00350734898833 -0.0112752988763 0.000187315543929 2.99684778074 -0.00129208693396 -0.0121346195976 2.44796112528e-07 -6.74079139608e-06 -0.000126542811844 
-0.000434357516387 -0.0968518268091 0.00426901137273 -5.21437539003e-05 -0.00129208693395 2.91408517404 -0.000268713721437 5.39749947542e-07 -1.48687097168e-05 0.00304996298587 
-0.0101539168235 0.00602422057656 -0.707830096104 6.24835863201e-05 -0.0121346195976 -0.000268713721442 2.2944209423 -1.64876530627e-06 4.5402396737e-05 -0.000909903020308 
3.80477669379e-07 9.75784647001e-07 -1.68688841104e-06 2.19280755064e-08 2.44796111359e-07 5.39749947092e-07 -1.64876530604e-06 2.99999999925 2.06673539399e-08 1.27811269166e-07 
-1.04767257275e-05 -2.68786507576e-05 4.64528925094e-05 -6.03850982768e-07 -6.74079139707e-06 -1.48687097163e-05 4.54023967374e-05 2.06673550967e-08 2.99999943096 -3.51962978092e-06 
-0.000211843190259 0.00313518493793 -0.000974123616284 1.96890749733e-06 -0.000126542811842 0.00304996298588 -0.000909903020303 1.2781126974e-07 -3.51962978249e-06 2.9996982578 

2.88181921246 0.00161121869897 -0.061205939905 -0.00432534948802 -0.0714977970625 0.00494923197049 -0.0584961459145 0.000112626343401 -0.00157743224872 -0.0374460468103 
0.00161121869897 2.57469283038 -0.0299150170778 0.00100702044106 0.00578149171143 -0.273741776206 -0.0946238513933 -9.17261770739e-05 0.00137047699954 0.0191520184526 
-0.061205939905 -0.0299150170778 2.41601419307 -0.00295468428354 -0.0464631876458 -0.0198081480549 -0.584485311579 -9.50604201299e-06 -0.000116117382303 -0.00841113036971 
-0.00432534948802 0.00100702044108 -0.00295468428354 2.99967249667 -0.00249052011708 0.000890705192831 -0.00275177847039 5.06175669851e-06 -6.95793489786e-05 -0.00125760759142 
-0.0714977970625 0.00578149171144 -0.0464631876458 -0.00249052011707 2.95612402949 0.00586755470565 -0.0440947675989 6.72890252882e-05 -0.00094059947277 -0.0226803106921 
0.00494923197049 -0.273741776206 -0.0198081480549 0.000890705192833 0.00586755470564 2.82146227022 -0.0606518785972 -5.97530957949e-05 0.000897470612349 0.0128888929218 
-0.0584961459145 -0.0946238513933 -0.584485311579 -0.00275177847039 -0.0440947675989 -0.0606518785972 2.40404043019 -3.96185134524e-05 0.000358607484934 -0.00459119122317 
0.000112626343401 -9.17261770645e-05 -9.50604201661e-06 5.06175669586e-06 6.72890252981e-05 -5.97530957855e-05 -3.96185134529e-05 2.99999913244 1.21883927063e-05 2.79900868204e-05 
-0.00157743224872 0.00137047699953 -0.000116117382302 -6.95793489789e-05 -0.000940599472762 0.000897470612352 0.000358607484934 1.21883927043e-05 2.99982530983 -0.000397456165667 
-0.0374460468103 0.0191520184526 -0.0084111303697 -0.00125760759143 -0.0226803106921 0.0128888929218 -0.00459119122318 2.79900868323e-05 -0.000397456165655 2.9843891131 

2.81734661258 0.0333842284771 0.0306474835222 -0.00802555454998 -0.107364076221 0.0275553402354 0.0441234940434 0.00106208757052 -0.0141161386992 -0.0394992562178 
0.0333842284771 2.6090845313 -0.0844108751051 0.000745291644592 0.0231693440835 -0.23021018848 -0.171317896282 -0.00191861967414 0.0262168140983 0.013793419782 
0.0306474835222 -0.0844108751051 2.85332545037 0.0023716320947 0.0204036956094 -0.0618557481321 -0.147023061939 0.00425611724621 -0.0542406617467 0.00996094578499 
-0.00802555454998 0.000745291644592 0.0023716320947 2.99938557195 -0.00461297600067 0.000913698439165 0.0028994179723 4.64712775076e-05 -0.000625924488394 -0.00117515532247 
-0.107364076221 0.0231693440835 0.0204036956094 -0.00461297600067 2.93606947259 0.0178311986956 0.0274247231746 0.000482359319805 -0.00638165485897 -0.0252304903863 
0.0275553402354 -0.23021018848 -0.0618557481321 0.000913698439165 0.0178311986955 2.86123141545 -0.11176268514 -0.00047390486594 0.00711372590666 0.00846784773902 
0.0441234940434 -0.171317896282 -0.147023061939 0.0028994179723 0.0274247231746 -0.11176268514 2.81537597978 0.00139694990428 -0.0164347570198 0.0141806320754 
0.00106208757052 -0.00191861967414 0.00425611724621 4.64712775063e-05 0.000482359319807 -0.00047390486594 0.00139694990428 2.99954082547 0.00597435336254 0.000215301324737 
-0.0141161386993 0.0262168140983 -0.0542406617467 -0.000625924488394 -0.00638165485897 0.00711372590666 -0.0164347570199 0.00597435336254 2.92222723391 -0.00285358968801 
-0.0394992562178 0.013793419782 0.00996094578498 -0.00117515532247 -0.0252304903863 0.00846784773902 0.0141806320754 0.000215301324735 -0.002853589688 2.97732145812 

2.88617238484 -0.00909488625125 0.00179040933533 -0.00271569296248 -0.0660838168796 -0.0029138535138 0.00145904748236 -1.24099632247e-05 -0.00282070318482 -0.0346665668578 
-0.00909488625127 2.71909096776 -0.00987974426201 -8.64818929918e-06 -0.000246746038248 -0.161620122113 -0.0384736606501 0.000359976133714 -0.00535857378634 -0.00427364836158 
0.00179040933533 -0.009879744262 2.88503601465 0.000439011662998 0.00192191517753 -0.0318575016694 -0.0816146490277 0.0120422320541 -0.142875176176 0.00126912282055 
-0.00271569296248 -8.64818929891e-06 0.000439011662998 2.9998415359 -0.00152771444007 -0.000109786450041 0.00047559242327 2.31799593832e-06 -0.000113645627251 -0.0008955514002 
-0.0660838168796 -0.000246746038256 0.00192191517753 -0.00152771444007 2.96123393168 0.00162822868171 0.00173818343686 -0.00010883127712 -0.000289699018139 -0.0201784925432 
-0.00291385351381 -0.161620122113 -0.0318575016694 -0.000109786450043 0.00162822868171 2.89155583576 -0.0412324240633 0.00510594317324 -0.061222017679 -0.001921313545 
0.00145904748236 -0.0384736606501 -0.0816146490277 0.000475592423268 0.00173818343685 -0.0412324240633 2.9333282256 0.00840087236859 -0.0976893720337 0.000921032523358 
-1.24099632285e-05 0.00035997613371 0.012042232054 2.31799593839e-06 -0.000108831277119 0.00510594317324 0.00840087236859 2.99817617131 0.0217724616639 -8.91593618732e-05 
-0.00282070318481 -0.00535857378634 -0.142875176176 -0.000113645627251 -0.000289699018149 -0.0612220176791 -0.0976893720337 0.0217724616639 2.73849643083 3.26144373734e-06 
-0.0346665668578 -0.00427364836158 0.00126912282055 -0.000895551400199 -0.0201784925432 -0.001921313545 0.000921032523362 -8.91593618739e-05 3.26144374191e-06 2.98725266996 

2.94142813867 0.0210460352483 -0.00263240893171 -0.00112939157304 -0.0343836415046 0.0182584315114 0.00307911101855 -0.00112237874557 0.013516473299 -0.0195184004224 
0.0210460352483 2.7786477501 0.0212360457586 -0.00116195256368 0.0138355654332 -0.118214273421 -0.0055803322682 -0.00402394915706 0.0435496415395 0.0055232383148 
-0.00263240893173 0.0212360457586 2.90307174421 -0.000341295940572 -0.00246693920141 -0.0178707064911 -0.0893649492239 0.0115603258819 -0.112892505256 0.000233584587805 
-0.00112939157305 -0.00116195256368 -0.00034129594057 2.99974486854 -0.000625033648299 -0.000726627092526 -0.000338859578064 4.51394810717e-05 -0.000466275485782 -0.000216967816639 
-0.0343836415046 0.0138355654332 -0.00246693920141 -0.000625033648313 2.9794764332 0.0112176676168 0.00075647869445 -0.000548827905578 0.00684614467211 -0.0113107714839 
0.0182584315114 -0.118214273421 -0.0178707064911 -0.000726627092517 0.0112176676168 2.91760523362 -0.0353697109026 0.00378166681939 -0.0359051925425 0.00580073102539 
0.00307911101856 -0.00558033226819 -0.0893649492239 -0.00033885957806 0.000756478694451 -0.0353697109026 2.91043086848 0.0114212345988 -0.1117538714 0.00227118592881 
-0.00112237874559 -0.00402394915706 0.0115603258819 4.51394810646e-05 -0.000548827905588 0.0037816668194 0.0114212345988 2.99794053106 0.020418889679 -0.000563220376966 
0.013516473299 0.0435496415395 -0.112892505256 -0.000466275485784 0.00684614467211 -0.0359051925425 -0.1117538714 0.020418889679 2.7961240354 0.00639635354736 
-0.0195184004224 0.00552323831481 0.0002335845878 -0.000216967816651 -0.0113107714838 0.00580073102537 0.00227118592881 -0.00056322037697 0.00639635354737 2.99281812716 

2.95546038746 -0.00904092200039 0.00452761887228 -0.000953369255819 -0.0255108647535 -0.00547771092865 0.00189449230284 0.000890627781788 -0.00743852852055 -0.00599132367976 
-0.00904092200041 2.75444867766 0.0836370273558 -0.00107930481548 -0.00338050498776 -0.185837236572 0.0570577651031 0.00902132617129 -0.0749344672866 0.00290106184527 
0.00452761887228 0.0836370273559 2.50691442403 -0.000310069816503 -0.00343429573009 0.0794311201839 -0.478642992263 -0.0067294598018 0.0458189809238 0.00582772670188 
-0.000953369255817 -0.00107930481549 -0.000310069816505 2.99960582962 -0.000431671767314 -0.00110627598322 -0.000380821602071 7.63860614621e-05 -0.00061350441132 -0.000192184255839 
-0.0255108647535 -0.00338050498774 -0.00343429573009 -0.000431671767313 2.98501278194 -0.00179477894782 -0.00498098597706 0.000462032701935 -0.00399583052353 -0.00349123559915 
-0.00547771092866 -0.185837236572 0.0794311201839 -0.00110627598323 -0.00179477894782 2.83850875998 0.0582932310311 0.0118001590724 -0.0970918362182 0.00193826218883 
0.00189449230283 0.0570577651031 -0.478642992263 -0.000380821602072 -0.00498098597705 0.0582932310311 2.52892785411 -0.00519212595067 0.032883939063 0.0059191038337 
0.000890627781786 0.0090213261713 -0.0067294598018 7.63860614625e-05 0.000462032701934 0.0118001590724 -0.00519212595067 2.99810045347 0.0155567735367 0.000112391521475 
-0.00743852852052 -0.0749344672866 0.0458189809238 -0.000613504411321 -0.00399583052353 -0.0970918362182 0.032883939063 0.0155567735367 2.87216720994 -0.000789423571103 
-0.00599132367975 0.00290106184528 0.00582772670188 -0.000192184255836 -0.00349123559916 0.00193826218884 0.0059191038337 0.000112391521477 -0.000789423571114 2.99622966956 

2.95145672972 0.0438129272176 -0.00232478165877 -0.00175489632083 -0.0299572997345 0.0260050775549 0.00336257166155 6.03021076817e-05 -0.00091738769958 -0.0120927309873 
0.0438129272176 2.81235504429 -0.0963444144021 0.00284937533113 0.0242430010401 -0.103105151956 -0.117714559172 -0.00166500530745 0.0107711860801 0.0169177415108 
-0.00232478165876 -0.0963444144021 2.53311328702 -0.00143305768934 -0.00563026661403 -0.0340380593662 -0.474948448244 -0.00522081402008 0.0364877654827 0.004381250347 
-0.00175489632082 0.00284937533113 -0.00143305768934 2.99972496671 -0.000942347883802 0.0018779573037 -0.000929734207523 2.42163605209e-05 -0.000138316105728 -0.000763222680233 
-0.0299572997345 0.0242430010401 -0.00563026661403 -0.000942347883795 2.98058018278 0.0147286155357 -0.00281430662708 -0.000327022926598 0.00191488947966 -0.0070757300158 
0.026005077555 -0.103105151956 -0.0340380593662 0.0018779573037 0.0147286155357 2.93823323338 -0.0465789875334 0.000651255778238 -0.00519421960311 0.0101456997949 
0.00336257166154 -0.117714559172 -0.474948448244 -0.000929734207524 -0.00281430662708 -0.0465789875334 2.50800774857 -0.00563831597084 0.0389471612781 0.00652003367094 
6.03021076763e-05 -0.00166500530746 -0.00522081402007 2.42163605193e-05 -0.000327022926587 0.000651255778243 -0.00563831597084 2.99905903441 0.00658557969114 -0.000136794148718 
-0.000917387699576 0.0107711860801 0.0364877654827 -0.000138316105728 0.00191488947967 -0.00519421960312 0.0389471612781 0.00658557969114 2.95380808602 0.000987522301199 
-0.0120927309873 0.0169177415108 0.00438125034701 -0.000763222680237 -0.00707573001579 0.0101456997949 0.00652003367094 -0.000136794148713 0.000987522301201 2.99453966491 

2.9637412528 0.0461487265204 0.0120842031563 -0.00260831694955 -0.0185163907408 0.0161985397415 0.0160292015961 0.00363686116057 -0.0203238735186 -0.00946270375699 
0.0461487265204 2.80371300625 -0.0491067134584 0.00630414343382 0.0225735908381 -0.109202483625 -0.0700528100474 0.0045412378802 -0.0226733507934 0.00790101473339 
0.0120842031563 -0.0491067134584 2.95407228807 0.00132703639426 0.00570302616521 -0.0394972664868 -0.0543109823837 0.0073591669694 -0.0349372076569 0.00108193961752 
-0.00260831694955 0.00630414343382 0.00132703639425 2.99958578303 -0.00117548678046 0.00304036799252 0.0020615710918 0.000153522006164 -0.000869006216926 -0.000560546626061 
-0.0185163907408 0.0225735908381 0.00570302616521 -0.00117548678046 2.99005407361 0.00757311956236 0.00696888340998 0.00191625966486 -0.0103712436591 -0.00477690571525 
0.0161985397415 -0.109202483625 -0.0394972664868 0.00304036799251 0.00757311956236 2.91809616423 -0.0512514925754 0.0130951246174 -0.069639227254 0.00190940829794 
0.0160292015961 -0.0700528100474 -0.0543109823837 0.0020615710918 0.00696888340998 -0.0512514925754 2.92839542705 0.00743867210792 -0.0327702272485 0.00191858902513 
0.00363686116057 0.0045412378802 0.0073591669694 0.000153522006164 0.00191625966486 0.0130951246174 0.00743867210792 2.99437771209 0.0302720185859 0.000949394872002 
-0.0203238735186 -0.0226733507934 -0.0349372076569 -0.000869006216924 -0.0103712436591 -0.069639227254 -0.0327702272485 0.0302720185859 2.83502906797 -0.005261808337 
-0.00946270375698 0.00790101473339 0.00108193961753 -0.000560546626064 -0.00477690571525 0.00190940829793 0.00191858902512 0.000949394872002 -0.005261808337 2.99599406359 

2.98256607438 -0.00338104994975 -0.000789862825442 -0.000500338862388 -0.00981727593224 -0.00317389986705 -0.00136352836454 0.00183845718436 -0.00713019856036 -0.00539609647671 
-0.00338104994976 2.8291024627 -0.00792249542408 -0.00198713865042 -0.000564097693093 -0.088777863609 -0.0214848248323 -0.00452905951519 -0.00169244975513 -0.000352822985574 
-0.000789862825436 -0.00792249542409 2.94333374256 -0.00039166093383 -0.00148520797268 -0.037219883744 -0.0587814973284 0.0321525473887 -0.10028383579 0.000233385931321 
-0.000500338862385 -0.00198713865042 -0.000391660933828 2.99955556683 0.0001131721327 -0.00108109395183 -0.000505733709903 4.45819008257e-06 -9.08690933655e-06 0.000170920414071 
-0.00981727593224 -0.000564097693088 -0.00148520797269 0.000113172132709 2.99374524637 -0.00202404632351 -0.00174317551239 0.00207536009808 -0.00701513115362 -0.00314666719192 
-0.00317389986706 -0.088777863609 -0.037219883744 -0.00108109395183 -0.0020240463235 2.93138930661 -0.0458270669835 0.0168521979378 -0.0658233553486 -7.12019776404e-05 
-0.00136352836453 -0.0214848248323 -0.0587814973284 -0.000505733709901 -0.00174317551239 -0.0458270669835 2.93762016202 0.0324188477778 -0.104744706138 5.80578573988e-05 
0.00183845718436 -0.00452905951519 0.0321525473886 4.45819008778e-06 0.00207536009809 0.0168521979378 0.0324188477778 2.97930127829 0.0595936441098 -5.16585412785e-05 
-0.00713019856036 -0.00169244975514 -0.10028383579 -9.08690933759e-06 -0.00701513115362 -0.0658233553486 -0.104744706138 0.0595936441098 2.80491108283 -0.000615389075636 
-0.00539609647672 -0.000352822985561 0.000233385931313 0.000170920414058 -0.00314666719191 -7.12019776396e-05 5.80578573922e-05 -5.16585412802e-05 -0.000615389075633 2.99603270355 

2.92667862348 0.108979522999 0.0511540344653 -0.00398269543308 -0.0469088235366 0.0609719113561 0.0630542640949 0.00792617269154 -0.00772222028588 -0.0204464107133 
0.108979522999 2.70892317148 -0.0636928570352 0.0045191720955 0.0660515685306 -0.152312696794 -0.0874318461715 -0.0215443626843 0.0237994338742 0.0330332314801 
0.0511540344653 -0.0636928570352 2.86845899315 0.00282399823679 0.0362555932827 -0.0524123957041 -0.132531308168 0.0433716240549 -0.061226390324 0.0129181712843 
-0.00398269543308 0.0045191720955 0.00282399823679 2.99961800809 -0.00242606535737 0.00278302091014 0.00320467446258 0.000169842664571 0.000246600482833 -0.00107533152944 
-0.0469088235366 0.0660515685306 0.0362555932827 -0.00242606535737 2.96895416936 0.0364529303273 0.0441098374174 0.00551776782381 -0.00650304652068 -0.012609267286 
0.0609719113561 -0.152312696794 -0.0524123957041 0.00278302091014 0.0364529303273 2.90226892451 -0.0693330362064 0.0188660060637 -0.0347223422605 0.0187319899435 
0.0630542640949 -0.0874318461715 -0.132531308168 0.00320467446258 0.0441098374174 -0.0693330362064 2.85706813264 0.0450847839517 -0.064690244003 0.0159982539195 
0.00792617269154 -0.0215443626843 0.0433716240549 0.000169842664569 0.00551776782382 0.0188660060637 0.0450847839517 2.93488218576 0.0920251067213 0.00170164614614 
-0.00772222028588 0.0237994338742 -0.061226390324 0.000246600482837 -0.00650304652069 -0.0347223422605 -0.064690244003 0.0920251067213 2.85920317147 -0.0010805376074 
-0.0204464107133 0.0330332314801 0.0129181712843 -0.00107533152944 -0.012609267286 0.0187319899435 0.0159982539195 0.00170164614615 -0.00108053760741 2.99392825096 

2.95988996133 0.0609437502303 0.0115947943466 -0.00136110770295 -0.0222414734265 0.0312408414934 0.0173989244859 -0.0280321457368 -0.000220308302959 -0.00381779720273 
0.0609437502303 2.76230733134 -0.029449079719 -0.000990077898506 0.0328995760652 -0.113268839029 -0.0409436380806 0.0198535199346 0.0131982756175 0.00157829425535 
0.0115947943466 -0.029449079719 2.94687116623 -0.00031649390136 0.00627103243363 -0.0297677625825 -0.0682964134697 0.074083691762 -0.0395615262462 0.00125576056675 
-0.00136110770295 -0.000990077898508 -0.000316493901354 2.9996475033 -0.000493507738858 -4.68962310541e-05 0.000234675245894 -0.00282606722208 0.00060342681105 -7.29250141303e-05 
-0.0222414734265 0.0328995760652 0.00627103243363 -0.000493507738861 2.9870854754 0.0161086687302 0.00874172566326 -0.0111620144007 -0.00213395097333 -0.00272918143278 
0.0312408414934 -0.113268839029 -0.0297677625825 -4.68962310615e-05 0.0161086687302 2.93649851542 -0.0419433263894 0.0584826678792 -0.0171981901597 0.00248431242275 
0.0173989244859 -0.0409436380806 -0.0682964134697 0.000234675245897 0.00874172566327 -0.0419433263894 2.90561124816 0.102004520763 -0.0494273719986 0.00287412633529 
-0.0280321457368 0.0198535199346 0.074083691762 -0.00282606722208 -0.0111620144007 0.0584826678792 0.102004520763 2.34596229299 0.131170358935 -0.0138296945317 
-0.000220308302961 0.0131982756175 -0.0395615262462 0.00060342681105 -0.00213395097333 -0.0171981901597 -0.0494273719986 0.131170358935 2.9240304804 0.00196615130465 
-0.00381779720273 0.00157829425534 0.00125576056675 -7.29250141303e-05 -0.00272918143278 0.00248431242275 0.00287412633529 -0.0138296945317 0.00196615130465 2.99439115778 

2.9561842706 0.00831336835095 -0.00199811749868 -0.00199083578384 -0.0244910257906 0.00636531840774 -0.00183776760667 -0.0639623880116 0.00760158623894 -0.0148524978841 
0.00831336835095 2.91221193466 -0.00437907962328 -0.000610019475755 0.00347541734316 -0.0507813478916 -0.00632835278842 0.0175778223484 -0.00513852308071 0.00388711267115 
-0.00199811749868 -0.00437907962328 2.97964565102 0.000174627815322 -0.00124872560183 -0.00449433940273 -0.0223781715946 0.0425545406653 -0.00927882869973 -0.000620074302797 
-0.00199083578384 -0.000610019475756 0.000174627815322 2.99965753903 -0.00091596258667 -0.000275963086628 0.000163266966564 -0.00102273323877 0.000498721063113 -0.000639444348165 
-0.0244910257906 0.00347541734316 -0.00124872560183 -0.00091596258667 2.98585813744 0.00270738021798 -0.0011556712191 -0.0374033737261 0.00390576186428 -0.0082867910873 
0.00636531840774 -0.0507813478916 -0.00449433940273 -0.000275963086625 0.00270738021798 2.96722702745 -0.00587717510433 0.0583423788979 -0.0108787083092 0.00280031254688 
-0.00183776760667 -0.00632835278842 -0.0223781715945 0.000163266966567 -0.0011556712191 -0.00587717510433 2.9739094304 0.0416477031733 -0.0095760310875 -0.000620043465541 
-0.0639623880116 0.0175778223484 0.0425545406653 -0.00102273323877 -0.0374033737261 0.0583423788979 0.0416477031733 1.04097894552 0.0851745704328 -0.0211409607002 
0.00760158623894 -0.00513852308071 -0.00927882869973 0.000498721063113 0.00390576186428 -0.0108787083092 -0.0095760310875 0.0851745704327 2.97099599498 0.00248398537006 
-0.0148524978841 0.00388711267115 -0.000620074302798 -0.000639444348167 -0.0082867910873 0.00280031254688 -0.000620043465541 -0.0211409607002 0.00248398537006 2.99453813188 

2.97357396674 -0.0117393265992 -0.00522226221494 -0.000336774560534 -0.0173654032808 -0.000853957635575 -0.00497729406252 0.00625157952816 0.000901049890311 -0.0059662529093 
-0.0117393265992 2.84961089573 0.0871418401166 0.000967463238776 -0.00706214029331 -0.098551965102 0.0872860228326 0.0310379163626 -0.00202567951158 -0.00298521889056 
-0.00522226221494 0.0871418401166 2.59567561754 -2.18007886942e-05 -0.00708455906878 0.0627803290342 -0.403620146032 0.0798866950496 -0.000923159241586 0.00301423195551 
-0.000336774560529 0.000967463238774 -2.18007886964e-05 2.99985530118 -0.00012989925615 0.000528908997585 -3.45735607572e-05 0.00122387784319 -4.32876529023e-05 -0.00018674848699 
-0.0173654032808 -0.0070621402933 -0.00708455906879 -0.000129899256147 2.98805648926 -0.000212615446741 -0.00692848846089 0.00556825068912 0.000480931008162 -0.00393443048187 
-0.000853957635582 -0.098551965102 0.0627803290342 0.00052890899758 -0.000212615446732 2.92778042665 0.0628271171335 0.0403206493618 -0.00103635701286 -0.00115684331628 
-0.00497729406252 0.0872860228326 -0.403620146032 -3.45735607575e-05 -0.0069284884609 0.0628271171336 2.59702566319 0.0755289445434 -0.00105169709972 0.00305243144524 
0.00625157952816 0.0310379163626 0.0798866950496 0.00122387784319 0.00556825068912 0.0403206493618 0.0755289445434 1.32434178277 -0.00923327966897 0.000904101908834 
0.000901049890317 -0.00202567951159 -0.000923159241588 -4.32876529015e-05 0.00048093100815 -0.00103635701286 -0.00105169709971 -0.00923327966897 2.99796056779 -1.26702569914e-05 
-0.0059662529093 -0.00298521889056 0.0030142319555 -0.000186748486984 -0.00393443048187 -0.00115684331627 0.00305243144524 0.000904101908834 -1.26702570052e-05 2.99553623205 

2.96881212217 0.0469836825854 0.00323463978354 -0.000210229608691 -0.0161972334846 0.0279770970567 0.00331882188442 -0.00564641487712 1.69066730634e-05 -0.0031408811258 
0.0469836825854 2.77855621829 0.109456289455 -0.00358447026052 0.0292404151512 -0.124347889637 0.11015422044 -0.00241824211397 7.1471817833e-06 0.00271794411631 
0.00323463978354 0.109456289455 2.383561723 0.000498610655264 -0.00471063247257 0.0760916021756 -0.616889178188 -0.00370087148523 1.07890878109e-05 0.00619729677534 
-0.000210229608693 -0.00358447026053 0.000498610655264 2.99973892156 6.67230210513e-05 -0.00196112310476 0.000523135859633 -7.32256822548e-05 2.24009832888e-07 -0.000173927472679 
-0.0161972334846 0.0292404151512 -0.00471063247257 6.67230210519e-05 2.99100093765 0.0171959383677 -0.00471121489456 -0.00407998578532 1.21935018117e-05 -0.00148616381573 
0.0279770970567 -0.124347889637 0.0760916021756 -0.00196112310476 0.0171959383677 2.92642953442 0.0764218543615 -0.00127376227003 3.81222110761e-06 0.00201995938438 
0.00331882188442 0.11015422044 -0.616889178188 0.000523135859634 -0.00471121489456 0.0764218543615 2.38265114068 -0.0039831365886 1.16113953363e-05 0.00621310672003 
-0.00564641487712 -0.00241824211398 -0.00370087148523 -7.32256822566e-05 -0.00407998578531 -0.00127376227005 -0.0039831365886 2.94187065049 0.000168593269491 -0.00120720347183 
1.69066730602e-05 7.14718178256e-06 1.07890878107e-05 2.24009832601e-07 1.21935018181e-05 3.81222110776e-06 1.16113953365e-05 0.00016859326949 2.99999941426 3.6413923566e-06 
-0.0031408811258 0.00271794411631 0.00619729677534 -0.000173927472677 -0.00148616381573 0.00201995938439 0.00621310672003 -0.00120720347183 3.64139235623e-06 2.99691153531 

2.99294399237 0.012962953213 -0.0140216055836 0.000147201215082 -0.00427401375524 0.00878130572339 -0.0139595422661 0.000298475672596 -9.06679517221e-07 -0.000707871946744 
0.012962953213 2.92904103442 0.0168345505824 8.49468873467e-05 0.00896810681549 -0.0441156182029 0.0167088293539 0.0014685505652 -4.46101597243e-06 0.00093486952866 
-0.0140216055836 0.0168345505824 2.57950495697 -0.000217352781663 -0.0157042330528 0.0147813195901 -0.420573797906 -0.00900956316386 2.73683503079e-05 -0.000264568988049 
0.000147201215077 8.49468873373e-05 -0.000217352781664 2.99965611048 0.000473303840066 0.000404473408307 -0.000211635321151 1.27585379425e-05 -3.875661196e-08 -2.61378315679e-05 
-0.00427401375524 0.00896810681549 -0.0157042330528 0.000473303840068 2.99650014613 0.00536960544726 -0.0156848469113 -0.000186162686056 5.6550641603e-07 -0.00032317685507 
0.00878130572339 -0.0441156182028 0.0147813195901 0.000404473408308 0.00536960544726 2.96606472621 0.0146997178157 0.000215931231299 -6.55934241649e-07 0.00260484679585 
-0.0139595422661 0.0167088293539 -0.420573797906 -0.000211635321152 -0.0156848469113 0.0146997178157 2.57934609087 -0.00903737542247 2.7452835604e-05 -0.000262472979925 
0.000298475672598 0.00146855056521 -0.00900956316386 1.27585379385e-05 -0.000186162686053 0.000215931231304 -0.00903737542247 2.99779623083 6.69438959606e-06 0.000387021579179 
-9.06679520842e-07 -4.46101597113e-06 2.73683503068e-05 -3.87566123401e-08 5.65506416179e-07 -6.55934239952e-07 2.74528356047e-05 6.69438959425e-06 2.99999997966 -1.1756554472e-06 
-0.000707871946738 0.000934869528657 -0.000264568988049 -2.61378315666e-05 -0.000323176855066 0.00260484679585 -0.000262472979925 0.000387021579177 -1.17565544777e-06 2.99885258391 

2.99636177247 0.00924908559744 0.00391140595946 -0.000275102787868 -0.00112710573884 0.011236873727 0.0039657266332 0.000146191399667 -7.56427002467e-07 -0.00180820357639 
0.00924908559743 2.86785735292 -0.039852896047 0.000305022399927 0.00221233970678 -0.122755343487 -0.0400944295827 0.000416219801937 -2.15361435598e-06 0.00614160565845 
0.00391140595946 -0.039852896047 2.77604187464 -0.00150016418619 -0.0020102866238 -0.0568340721628 -0.223952745765 0.00181402751747 -9.38618413742e-06 0.00574668187518 
-0.000275102787867 0.000305022399925 -0.00150016418619 2.99974085362 -5.46594726657e-05 0.000379623748867 -0.00149487269414 2.04127562209e-06 -1.05620172504e-08 2.36501867682e-05 
-0.00112710573884 0.00221233970679 -0.0020102866238 -5.46594726662e-05 2.99898549451 0.00212872335546 -0.00200271737782 6.17163595066e-05 -3.19334251198e-07 -0.000406221947431 
0.011236873727 -0.122755343487 -0.0568340721628 0.000379623748868 0.00212872335547 2.87786314488 -0.0570594067582 0.000359489873485 -1.86008101825e-06 0.00755156457555 
0.0039657266332 -0.0400944295827 -0.223952745765 -0.00149487269414 -0.00200271737782 -0.0570594067582 2.77605113251 0.00181132358102 -9.3721933668e-06 0.00577239665348 
0.000146191399667 0.000416219801938 0.00181402751746 2.04127562274e-06 6.17163595065e-05 0.000359489873486 0.00181132358102 2.99992538626 3.86068173195e-07 5.06936823866e-05 
-7.56427002436e-07 -2.15361435654e-06 -9.38618413616e-06 -1.05620169365e-08 -3.19334251402e-07 -1.86008101838e-06 -9.37219336783e-06 3.86068172788e-07 2.999999998 -2.62300449703e-07 
-0.00180820357639 0.00614160565845 0.00574668187518 2.3650186768e-05 -0.000406221947436 0.00755156457555 0.00577239665348 5.06936823851e-05 -2.6230044997e-07 2.99850133661 

2.99551660618 0.00447291425066 -0.00631153354558 -0.000409254258915 -0.00240171125073 0.00498482929243 -0.00627050036882 -2.78251209832e-05 -1.59316816389e-06 -0.0014942617033 
0.00447291425066 2.90566066697 0.00343957097176 0.000335017531491 0.00407751672934 -0.0778992424854 0.00326532186487 -0.000170424752818 -9.7579195059e-06 0.00147442340751 
-0.00631153354558 0.00343957097176 2.64874940496 -0.00068517068758 -0.000229777040591 -0.0341619349459 -0.350445370889 -0.000656455662788 -3.75863330276e-05 -0.000462834899818 
-0.000409254258912 0.000335017531491 -0.000685170687581 2.99977191004 -0.000156662716088 0.000136880878558 -0.000678325592818 -2.19986125921e-07 -1.25956297218e-08 -4.85600101837e-05 
-0.00240171125073 0.00407751672934 -0.000229777040591 -0.000156662716087 2.99825153105 0.00418853267902 -0.000222775576782 8.82930157357e-07 5.05534631428e-08 -0.000644035109641 
0.00498482929243 -0.0778992424854 -0.0341619349459 0.00013688087856 0.00418853267902 2.92703134154 -0.0341931414438 -0.000178575646705 -1.02246109056e-05 0.00201473907876 
-0.00627050036882 0.00326532186487 -0.350445370889 -0.000678325592818 -0.000222775576782 -0.0341931414438 2.65035663886 -0.000655198187607 -3.75143344394e-05 -0.000447932020564 
-2.78251209842e-05 -0.000170424752818 -0.00065645566279 -2.19986127053e-07 8.829301575e-07 -0.000178575646705 -0.000655198187605 2.99999785405 -1.22869501464e-07 -1.04536212429e-05 
-1.59316816421e-06 -9.75791950604e-06 -3.75863330267e-05 -1.2595629104e-08 5.05534631293e-08 -1.02246109057e-05 -3.75143344408e-05 -1.22869498992e-07 2.99999999296 -5.98537435129e-07 
-0.00149426170329 0.00147442340751 -0.000462834899818 -4.85600101794e-05 -0.000644035109645 0.00201473907876 -0.000447932020564 -1.04536212449e-05 -5.98537436225e-07 2.99933910972 

2.97950360407 0.0175077533106 -0.0366831335263 -0.000651625805819 0.00195384253111 0.0118784843272 -0.0360021017536 -0.00279543848261 -7.1624694092e-05 -0.00902609452392 
0.0175077533106 2.37567520615 -0.0170651904886 0.000826993907713 0.00136725682285 -0.521400652266 -0.0217916908392 0.000742893901083 1.90851942502e-05 0.0179229912057 
-0.0366831335263 -0.0170651904886 2.00561779187 -0.00157858190935 0.0134291331313 -0.0905841100048 -0.99135009518 -0.00931806514996 -0.000238693425606 -0.0144917074748 
-0.000651625805831 0.000826993907718 -0.00157858190935 2.99830584888 0.00145126568739 0.00111491544275 -0.00155165416071 -0.000193611342647 -4.95728930886e-06 -6.85671057409e-06 
0.00195384253111 0.00136725682285 0.0134291331313 0.00145126568739 2.96567332139 0.00336962585487 0.0131153377734 0.00726738182183 0.000186167548761 0.0061393702628 
0.0118784843272 -0.521400652266 -0.0905841100048 0.00111491544274 0.00336962585487 2.49161220904 -0.0917847424506 -0.00186859070044 -4.78466230342e-05 0.0137506709077 
-0.0360021017536 -0.0217916908392 -0.99135009518 -0.00155165416071 0.0131153377734 -0.0917847424506 2.01152240756 -0.00915690176453 -0.000234559763012 -0.0140309483339 
-0.0027954384826 0.000742893901072 -0.00931806514996 -0.000193611342649 0.00726738182183 -0.00186859070044 -0.00915690176452 2.99783881589 -5.53745160384e-05 -0.00192747110119 
-7.16246940913e-05 1.90851942494e-05 -0.000238693425606 -4.95728930961e-06 0.00018616754876 -4.78466230344e-05 -0.000234559763011 -5.53745160387e-05 2.99999858115 -4.93855965394e-05 
-0.00902609452394 0.0179229912057 -0.0144917074748 -6.8567105737e-06 0.00613937026279 0.0137506709077 -0.0140309483339 -0.00192747110119 -4.93855965396e-05 2.99193471871 

